,Status.UNKNOWN,Status.FIRST_CONTENT,Status.SAME_CONTENT,Status.CHANGED_CONTENT,Status.OLD_CONTENT,Status.BECAME_UNRESOLVED,Status.STILL_UNRESOLVED,Status.ERROR
2019-03-01 20:37:34.877,676856,15771,0,0,0,884,0,0
2019-03-13 07:55:12.903,348727,340496,0,0,0,4288,0,0
2019-03-31 23:33:18.478,641509,20641,13697,1829,0,15202,633,0
2019-04-29 19:11:30.720,640161,1410,50869,441,0,236,394,0
2019-05-01 03:57:18.530,640714,15478,26848,8986,0,373,1112,0
2019-05-13 17:10:37.661,451008,227043,0,0,0,15460,0,0
2019-05-14 20:26:29.383,378821,3533,294265,6417,1,7866,2608,0
2019-06-01 00:36:19.222,451008,33,184882,1,0,42160,15427,0
2019-06-01 07:32:31.022,671444,0,21332,606,54,2,73,0
2019-06-01 10:43:38.196,640207,733,39801,9061,1,2283,1425,0
2019-07-01 08:17:18.571,369256,2693,303650,11858,973,1538,3543,0
2019-07-01 18:50:09.802,449058,1983,227048,5,0,17,15400,0
2019-07-01 21:41:36.023,639673,684,42744,8954,27,56,1373,0
2019-08-01 02:27:40.507,648571,709,40025,2945,0,254,1007,0
2019-08-01 04:21:24.356,352278,19468,308045,5042,1732,3428,3518,0
2019-08-01 11:59:32.756,448502,561,228952,43,0,67,15386,0
2019-09-01 09:06:39.430,448501,1,153437,9,0,76134,15429,0
2019-09-01 09:34:33.505,640294,549,42020,9251,2,41,1354,0
2019-09-01 15:07:03.524,351899,964,325172,9169,883,816,4608,0
2019-10-01 01:29:29.672,554657,8,127993,2435,708,4724,2986,0
2019-10-01 11:40:13.365,445333,3443,229513,12,0,77,15133,0
2019-10-01 13:00:09.644,639590,1088,19880,31221,0,640,1092,0
