,Status.UNKNOWN,Status.FIRST_CONTENT,Status.SAME_CONTENT,Status.CHANGED_CONTENT,Status.OLD_CONTENT,Status.BECAME_UNRESOLVED,Status.STILL_UNRESOLVED,Status.ERROR
2018-10-17 22:42:41.609,42926,326775,0,0,0,7694,0,0
2018-11-13 15:13:01.286,42926,3586,322260,1157,0,3358,4108,0
2018-12-04 01:25:48.721,42926,866,327405,1132,22,574,4470,0
2019-02-08 00:17:15.510,321482,981,52476,173,1,173,2109,0
2019-02-13 08:55:08.176,38165,4752,329856,1133,18,120,3351,0
2019-03-13 07:55:12.903,32611,9056,328375,3026,39,1880,2408,0
2019-04-29 19:11:30.720,324045,1181,51098,441,0,236,394,0
2019-05-14 20:26:29.383,62705,3328,294470,6320,98,7866,2608,0
2019-06-01 07:32:31.022,355328,0,21332,606,54,2,73,0
2019-07-01 08:17:18.571,53140,2475,303868,11844,987,1538,3543,0
2019-08-01 04:21:24.356,36162,19468,308045,5039,1735,3428,3518,0
2019-09-01 15:07:03.524,35783,964,325172,9161,891,816,4608,0
2019-10-01 01:29:29.672,238541,8,127993,2433,710,4724,2986,0
